30
中关村 海淀黄庄 知春路 西土城 牡丹园 北土城 惠新西街南口 魏公村 大钟寺 积水潭 鼓楼大街 雍和宫 国家图书馆 动物园 西直门 新街口 白石桥南 车公庄西 车公庄 平安里 南锣鼓巷 东四 军事博物馆 木樨地 复兴门 西单 天安门 王府井 东单 北京西客站
1 500 0.5 -1
2 2200 2.2 7 2200 2.2 -1
3 1000 1 8 1000 5 -1
4 1400 1.4 -1
5 2200 2.2 10 3800 19 -1
6 2000 2 -1
11 4200 21 -1
12 1600 1.6 -1
9 3000 15 13 3600 18 14 2800 14 -1
10 3400 17 14 2000 10 15 1000 5 -1
11 2000 10 20 2000 10 -1
21 2800 14 -1
13 1200 1.2 16 1200 6 -1
14 1800 1.8 17 1000 5 -1
15 1000 1 18 800 4 -1
19 1000 1 20 3200 16 -1
17 1600 8 22 2800 14 -1
18 1000 5 23 2800 14 -1
19 1600 8 24 2800 14 -1
20 2600 13 25 3000 3 -1
21 1600 8 26 3000 15 27 3000 15 -1
-1
23 1000 1 29 1400 7 -1
24 1600 1.6 -1
25 1600 1.6 -1
26 2000 2 -1
27 1000 1 -1
28 800 0.8 -1
-1
-1
